[gd_scene load_steps=7 format=3 uid="uid://cad5toue0r4xi"]

[ext_resource type="PackedScene" uid="uid://yu3apmx1uxpi" path="res://components/main/environment.tscn" id="1_0ui7l"]
[ext_resource type="PackedScene" uid="uid://oxfqbm16flx5" path="res://assets/room-structure-basic/door.glb" id="3_4xdjp"]
[ext_resource type="PackedScene" uid="uid://d4ivye4enoqdn" path="res://assets/room-structure-basic/wall_textured.glb" id="4_mxk1r"]
[ext_resource type="PackedScene" uid="uid://gvkb3yd6ley7" path="res://assets/room-structure-basic/floor.glb" id="5_e88ca"]
[ext_resource type="PackedScene" uid="uid://dseqo62o2rwcb" path="res://components/rooms/test_room.tscn" id="7_ak6yv"]
[ext_resource type="PackedScene" uid="uid://dgrnqgrrkingw" path="res://components/rooms/objects.tscn" id="8_1wgjp"]

[node name="Main" type="Node"]

[node name="Environment" parent="." instance=ExtResource("1_0ui7l")]
transform = Transform3D(1, 0, 0, 0, 1, 0, 0, 0, 1, 0, 14.4392, 0)

[node name="Level" type="Node" parent="."]

[node name="door" parent="Level" instance=ExtResource("3_4xdjp")]
transform = Transform3D(1, 0, 0, 0, 1, 0, 0, 0, 1, 0.0780802, 0, 3.64012)

[node name="wall_door" parent="Level" instance=ExtResource("4_mxk1r")]
transform = Transform3D(1, 0, 0, 0, 1, 0, 0, 0, 1, -0.38585, 0, 3.07069)

[node name="floor" parent="Level" instance=ExtResource("5_e88ca")]
transform = Transform3D(1, 0, 0, 0, 1, 0, 0, 0, 1, 1.2459, 0, 0.866954)

[node name="wall_door2" parent="Level" instance=ExtResource("4_mxk1r")]
transform = Transform3D(0.863572, 0, -0.504226, 0, 1, 0, 0.504226, 0, 0.863572, 2.90706, 0.204297, -3.06734)

[node name="TestRoom" parent="." instance=ExtResource("7_ak6yv")]
transform = Transform3D(-0.5, 0, -0.866025, 0, 1, 0, 0.866025, 0, -0.5, -7.41632, -0.0420803, 0.784977)

[node name="Objects" parent="." instance=ExtResource("8_1wgjp")]
transform = Transform3D(-0.167509, 0, -0.985871, 0, 1, 0, 0.985871, 0, -0.167509, -2.81272, 0, -6.71353)

[node name="PlayerStartPosition" type="Marker3D" parent="."]
transform = Transform3D(1, 0, 0, 0, 1, 0, 0, 0, 1, -1.6443, 3.01276, -0.755127)
